CloseTime,OpenPrice,HighPrice,LowPrice,ClosePrice,?,Volume
2013-10-17,125.85,153.0,125.85,138.09,42.634753,0.0
2013-10-24,138.09,203.45,137.52,203.45,171.619985,0.0
2013-10-31,203.45,207.30246,169.9201,203.77,242.176755,0.0
2013-11-07,203.77,269.42566,199.0,263.73672,198.738897,0.0
2013-11-14,263.73672,500.0,262.8628,398.0,194.705865,0.0
2013-11-21,398.0,800.0,125.85,591.81,1941.330677,0.0
2013-11-28,591.81,1081.09181,583.11045,994.95,217.66099,0.0
2013-12-05,994.95,1198.8009,770.0,1079.93122,243.637714,0.0
2013-12-12,1079.93122,1110.0,600.96141,883.78144,471.826244,0.0
2013-12-19,883.78144,919.07787,380.0,528.0,420.314543,0.0
2013-12-26,528.0,718.21618,517.62147,676.0,203.182475,0.0
2014-01-02,676.0,771.0,676.0,753.99,143.362573,0.0
2014-01-09,753.99,1019.0,750.0,824.98287,327.371699,0.0
2014-01-16,824.98287,918.05471,805.0,850.00364,124.600135,0.0
2014-01-23,850.00364,865.0,788.0,830.88999,98.722722,0.0
2014-01-30,830.88999,840.0,775.0,795.0,123.466946,0.0
2014-02-06,795.0,835.0,787.01,802.5,88.892335,0.0
2014-02-13,802.5,803.72713,550.0,670.6659,248.578658,0.0
2014-02-20,670.6659,710.0,586.43,630.16179,191.002755,0.0
2014-02-27,630.16179,650.27996,450.0,587.27133,308.416627,0.0
2014-03-06,587.27133,720.0,550.0,680.99,186.086561,0.0
2014-03-13,680.99,693.0,550.275,632.31094,57.594682,0.0
2014-03-20,632.31094,657.99101,550.0,620.062,56.322153,0.0
2014-03-27,620.062,641.14149,554.05,585.0851,61.999582,0.0
2014-04-03,585.0851,599.27378,436.07375,443.625,168.589143,0.0
2014-04-10,443.625,550.0,426.45421,452.99853,54.424047,0.0
2014-04-17,452.99853,583.75327,353.75804,523.53017,178.33022,0.0
2014-04-24,523.53017,530.35862,477.19035,495.61699,91.920803,0.0
2014-05-01,495.61699,503.48132,429.0854,448.34318,59.749166,0.0
2014-05-08,448.34318,464.41767,422.19,441.88615,63.624863,0.0
2014-05-15,441.88615,459.22214,432.21299,445.52,39.455692,0.0
2014-05-22,445.52,498.83996,440.89001,494.77454,40.908394,0.0
2014-05-29,494.77454,594.64098,494.77454,575.83232,109.481331,0.0
2014-06-05,575.83232,677.90898,525.0,650.47674,158.192095,0.0
2014-06-12,650.47674,669.74995,617.99453,617.99453,57.449732,0.0
2014-06-19,617.99453,637.06225,534.2759,605.88912,169.272722,0.0
2014-06-26,605.88912,627.05395,557.432,564.425,58.038871,0.0
2014-07-03,564.425,658.87046,568.44301,646.57973,86.222456,0.0
2014-07-10,646.57973,655.08161,614.74121,627.89636,31.806906,0.0
2014-07-17,627.89636,653.49,612.89942,625.22399,12.813086,0.0
2014-07-24,625.22399,630.00997,610.0,618.62146,31.255328,0.0
2014-07-31,618.62146,623.43078,566.75121,566.75121,50.05185,0.0
2014-08-07,566.75121,602.36146,567.62816,579.00019,53.602521,0.0
2014-08-14,579.00019,595.36446,531.63618,535.08056,35.346457,0.0
2014-08-21,535.08056,553.8341,455.0,530.0,189.283456,0.0
2014-08-28,530.0,530.0,482.21557,524.85358,43.677964,0.0
2014-09-04,524.85358,524.87551,490.01,524.76939,6.711669,0.0
2014-09-11,524.76939,524.77,465.00143,475.00001,46.495327,0.0
2014-09-18,475.00001,527.99987,445.00001,445.00001,12.354411,0.0
2014-09-25,445.00001,503.18147,295.0,433.15178,56.145019,0.0
2014-10-02,433.15178,449.99795,370.00545,390.0,24.685157,0.0
2014-10-09,390.0,389.97999,273.32564,370.0,141.102016,0.0
2014-10-16,370.0,418.98998,335.16179,400.30913,114.791396,0.0
2014-10-23,400.30913,398.38752,371.00001,388.70532,29.729578,0.0
2014-10-30,388.70532,384.71905,335.00987,335.06565,42.995621,0.0
2014-11-06,335.06565,350.0,320.00001,328.20467,44.942038,0.0
2014-11-13,328.20467,430.35988,330.16235,423.48202,259.261753,0.0
2014-11-20,423.48202,450.0,370.39134,389.99799,140.710867,0.0
2014-11-27,389.99799,390.0,342.65995,372.87268,118.134745,0.0
2014-12-04,372.87268,387.0,360.52323,380.0,61.328493,0.0
2014-12-11,380.0,394.59,342.46027,345.55613,54.325614,0.0
2014-12-18,345.55613,372.12219,315.02003,329.99159,92.740031,0.0
2014-12-25,329.99159,368.11872,310.0,320.38037,76.423651,0.0
2015-01-01,320.38037,338.95292,313.0,319.1378,49.785367,0.0
2015-01-08,319.1378,324.99787,252.31554,299.99973,165.43167,0.0
2015-01-15,299.99973,299.98516,175.0,175.0,548.882968,0.0
2015-01-22,175.0,236.46589,175.0,224.485,261.722271,0.0
2015-01-29,224.485,307.045,205.00002,247.99527,404.770055,0.0
2015-02-05,247.99527,246.93235,210.00635,228.89529,148.740324,0.0
2015-02-12,228.89529,231.57664,205.0,207.2,71.469795,0.0
2015-02-19,207.2,264.79663,207.0,236.00001,203.39941,0.0
2015-02-26,236.00001,248.5,234.08001,237.01552,103.441933,0.0
2015-03-05,237.01552,285.73048,235.0,274.79073,330.232341,0.0
2015-03-12,274.79073,299.999,260.00005,295.6975,114.385379,0.0
2015-03-19,295.6975,296.93748,250.00002,257.47999,229.590581,0.0
2015-03-26,257.47999,280.86996,237.685,250.97809,73.555374,0.0
2015-04-02,250.97809,268.99998,240.18791,242.97551,44.793383,0.0
2015-04-09,242.97551,262.4245,240.0,249.45692,84.96285,0.0
2015-04-16,249.45692,249.44738,216.50029,220.10885,162.84393,0.0
2015-04-23,220.10885,238.89186,222.00072,233.27,200.106244,0.0
2015-04-30,233.27,238.55826,216.34205,226.0,206.566649,0.0
2015-05-07,226.0,242.5025,225.68502,227.355,213.944923,0.0
2015-05-14,227.355,244.0,227.0,235.09016,194.766062,0.0
2015-05-21,235.09016,240.05,231.09775,234.80351,74.96228,0.0
2015-05-28,234.80351,244.0,233.91251,235.29999,161.369861,0.0
2015-06-04,235.29999,237.90344,222.03202,227.0,99.990408,0.0
2015-06-11,227.0,230.91728,220.33904,227.26254,127.245457,0.0
2015-06-18,227.26254,256.3825,226.14462,245.025,367.625849,0.0
2015-06-25,245.025,252.65981,238.05336,241.67089,298.5527,0.0
2015-07-02,241.67089,273.0,239.5263,258.1036,341.610514,0.0
2015-07-09,258.1036,278.0,252.87507,270.04031,284.386283,0.0
2015-07-16,270.04031,316.01249,267.39002,285.83994,796.791745,0.0
2015-07-23,285.83994,292.0,273.40259,276.975,236.664405,0.0
2015-07-30,276.975,296.80402,276.02902,291.61259,200.288003,0.0
2015-08-06,291.61259,293.47977,277.12003,281.00001,213.655844,0.0
2015-08-13,281.00001,290.0,258.0,267.0254,300.859653,0.0
2015-08-20,267.0254,270.0,188.10761,230.084,1947.028036,0.0
2015-08-27,230.084,243.3788,204.01,226.38149,1851.124852,0.0
2015-09-03,226.38149,237.9801,222.5718,230.04,987.676127,0.0
2015-09-17,239.43211,242.11885,226.32,229.08476,903.2102,0.0
2015-09-24,229.99,236.0,223.1,230.24,467.26187,0.0
2015-10-01,229.71,240.0,229.71,236.0,522.7584,0.0
2015-10-08,235.6,248.38998,234.55,241.21889,438.91675,0.0
2015-10-15,243.646,253.6601,233.0,253.638,520.0706,0.0
2015-10-22,264.46,270.73996,264.0,266.59314,275.2686,0.0
2015-10-29,266.21317,305.0,263.7301,298.0,784.28534,0.0
2015-11-05,297.01,489.99,296.4,408.9626,1906.8768,0.0
2015-11-12,395.24652,438.71738,300.0,306.58438,736.40216,0.0
2015-11-19,309.197,341.0,301.56,326.50003,654.3406,0.0
2015-11-26,332.7,332.70987,310.0,329.69,760.1777,0.0
2015-12-10,359.46,420.0,356.988,416.33,2337.6118,0.0
2015-12-17,417.27,464.98,407.75,453.6486,1646.6288,0.0
2015-12-24,450.3476,467.69073,426.69595,444.83,681.1176,0.0
2015-12-31,443.99,458.0,409.0,424.31848,677.71375,0.0
2016-01-07,424.45,434.99,416.60843,429.99,240.33217,0.0
2016-01-14,428.55,460.0,427.17,433.9817,819.8439,0.0
2016-01-21,433.0605,437.15,351.76,419.0501,2428.6472,0.0
2016-01-28,419.0501,425.78,375.52417,395.35535,3617.654,0.0
2016-02-04,396.55,397.84,365.0001,368.14,2452.961,0.0
2016-02-11,368.66,392.0,367.70523,380.0,3890.8691,0.0
2016-02-18,380.0,421.7991,373.67,413.86,6686.547,0.0
2016-02-25,413.49,444.0,408.14417,423.2028,6071.453,0.0
2016-03-03,424.0,442.0,412.0,421.17,5734.735,0.0
2016-03-10,421.71,431.111,387.27,411.93,16973.812,0.0
2016-03-17,410.52,429.702,406.15,418.166,17475.162,0.0
2016-03-24,418.166,422.69,405.031,416.0,11989.43,0.0
2016-03-31,415.566,429.999,405.0,412.432,7817.5933,0.0
2016-04-07,412.432,424.97,412.422,423.55,6220.7896,0.0
2016-04-14,423.991,430.358,415.0,423.541,8005.9023,0.0
2016-04-21,424.12,444.0,422.385,440.965,6284.268,0.0
2016-04-28,440.965,470.0,440.11,444.01,7367.3765,0.0
2016-05-05,445.99,458.12,435.427,447.841,7476.6475,0.0
2016-05-12,447.768,464.99,447.171,453.21,7493.41,0.0
2016-05-19,453.29,459.787,449.394,452.35,7029.993,0.0
2016-05-26,453.29,453.8,427.061,448.3,10756.333,0.0
2016-06-02,448.3,549.0,445.19,535.565,16193.736,0.0
2016-06-09,535.231,589.91,531.523,581.98,13912.71,0.0
2016-06-16,581.98,717.794,571.596,696.0,19735.6,0.0
2016-06-23,696.0,781.148,580.0,601.936,39205.46,0.0
2016-06-30,599.88,762.24,551.494,643.119,20096.469,0.0
2016-07-14,644.928,675.98,610.699,655.11,9810.257,0.0
2016-07-21,654.22,686.0,650.0,666.161,7488.951,0.0
2016-07-28,667.49,669.459,642.5,656.979,7177.9263,0.0
2016-08-04,656.979,661.1,479.0,569.82,18761.754,0.0
2016-08-11,567.576,607.508,566.157,591.0,9988.069,0.0
2016-08-18,590.061,599.98,561.4,573.28,6819.0405,0.0
2016-08-25,573.679,592.132,570.811,582.109,4179.447,0.0
2016-09-01,580.999,582.247,564.271,574.22,5343.084,0.0
2016-09-08,574.23,617.375,565.556,617.335,6537.759,0.0
2016-09-15,617.333,635.62,595.162,610.371,4685.2603,0.0
2016-09-29,598.925,609.109,595.053,604.999,3675.7466,0.0
2016-10-06,604.999,617.299,604.026,614.956,3667.4204,0.0
2016-10-13,615.0,645.415,611.258,635.28,5905.283,0.0
2016-10-20,634.731,647.0,623.734,631.5,4685.925,0.0
2016-10-27,630.5,679.0,627.0,677.318,8075.641,0.0
2016-11-03,677.318,747.07,674.629,747.07,11348.336,0.0
2016-11-10,747.07,750.5,673.407,722.4,11961.36,0.0
2016-11-17,722.4,744.8,685.327,741.603,7845.611,0.0
2016-11-24,741.87,763.11,713.0,741.98,11651.374,0.0
2016-12-01,742.489,745.11,726.0,742.396,8110.1406,0.0
2016-12-08,741.0,781.976,740.89,765.011,12357.863,0.0
2016-12-15,765.008,789.0,762.001,777.559,9523.6455,0.0
2016-12-22,777.56,830.0,776.0,830.0,8221.843,0.0
2016-12-29,829.999,979.99,826.02,978.001,49484.68,0.0
2017-01-05,979.87,1150.0,920.017,1133.219,23838.873,0.0
2017-01-12,1133.219,1156.9,765.432,789.884,49323.62,0.0
2017-01-19,789.889,920.0,756.001,892.312,26564.229,0.0
2017-01-26,892.402,939.91,882.576,896.89,35625.605,0.0
2017-02-02,896.89,990.0,895.543,988.789,24820.785,0.0
2017-02-09,988.79,1069.91,975.975,1055.838,16753.938,0.0
2017-02-16,1053.497,1079.91,940.006,1015.75,19708.457,0.0
2017-02-23,1016.739,1139.999,1015.75,1125.679,17944.963,0.0
2017-03-02,1122.092,1229.998,1056.658,1225.0,35004.625,0.0
2017-03-09,1228.71,1288.0,1131.342,1143.388,17525.127,0.0
2017-03-16,1143.39,1310.982,968.0,1252.92,33367.15,0.0
2017-03-23,1252.95,1255.92,902.0,1032.01,53589.59,0.0
2017-03-30,1030.01,1067.8,881.891,1043.43,31131.816,0.0
2017-04-06,1042.141,1165.648,1022.79,1138.16,23429.762,0.0
2017-04-13,1138.21,1234.622,1138.21,1219.149,16371.865,0.0
2017-04-20,1218.615,1219.5,1151.0,1204.2,12956.656,0.0
2017-04-27,1209.0,1314.701,1206.34,1290.521,17447.88,0.0
2017-05-11,1513.598,1794.0,1358.0,1782.0,46631.797,1792.331
2017-05-18,1781.999,1886.616,1608.001,1836.056,40446.504,1882.903
2017-05-25,1836.057,2589.0,1821.072,2408.24,53046.605,2449.999
2017-06-01,2408.24,2722.237,1812.99,2291.301,65760.664,2713.37
2017-06-08,2291.301,2934.278,2291.301,2690.001,54897.867,0.0
2017-06-15,2693.002,2948.0,2318.43,2452.686,47374.91,0.0
2017-06-22,2456.602,2768.0,2075.329,2644.968,56062.15,0.0
2017-06-29,2644.969,2735.31,2210.0,2554.021,44883.934,0.0
2017-07-06,2554.014,2647.65,2344.0,2611.387,39612.277,0.0
2017-07-13,2610.74,2620.0,2235.0,2373.846,42610.22,0.0
2017-07-20,2373.845,2417.084,1809.0,2254.998,76545.66,0.0
2017-07-27,2254.998,2934.44,2254.64,2525.0,70841.27,0.0
2017-08-03,2526.699,2970.0,2511.166,2700.8,54654.51,0.0
2017-08-10,2700.9,3492.0,2697.7,3371.878,50283.19,0.0
2017-08-17,3370.0,4484.29,3340.0,4388.0,59247.03,0.0
2017-08-24,4381.01,4479.0,3620.0,4151.0,47731.598,0.0
2017-08-31,4150.999,4665.446,4145.0,4579.75,28120.992,0.0
2017-09-07,4581.12,4965.0,4140.5,4641.6,41970.797,0.0
2017-09-14,4651.1,4730.0,3753.1,3882.2,41115.695,0.0
2017-09-21,3880.7,4135.0,2995.5,3863.1,68708.945,0.0
2017-09-28,3863.1,4240.0,3525.1,4213.8,34646.098,0.0
2017-10-05,4213.9,4467.5,4025.0,4223.6,28386.252,0.0
2017-10-12,4222.3,4919.0,4154.9,4822.6,27096.186,0.0
2017-10-19,4824.2,5854.4,4812.2,5580.1,36918.215,0.0
2017-10-26,5590.0,6180.0,5400.0,5761.0,30045.053,0.0
2017-11-02,5761.0,6749.0,5684.7,6741.9,24627.896,0.0
2017-11-09,6741.8,7788.0,6713.3,7463.5,30861.818,0.0
2017-11-16,7460.0,7470.0,5464.0,7260.0,54024.86,0.0
2017-11-23,7260.0,8350.0,7085.2,8250.6,29996.367,64843384.0
2017-11-30,8251.5,11379.8,7850.0,9733.1,28379.334,263621550.0
2017-12-07,9733.3,13850.0,9220.8,13737.7,30140.332,333915170.0
2017-12-14,13733.4,17423.0,13000.0,16135.3,31634.697,490337470.0
2017-12-21,16150.0,19660.0,15501.2,16220.7,26209.512,462936600.0
2017-12-28,16217.7,16950.0,11205.0,15445.9,32069.695,460081920.0
2018-01-04,15444.3,15599.7,12132.4,15185.7,22815.623,321560400.0
2018-01-11,15190.2,17245.0,13500.0,14937.6,22311.021,341499360.0
2018-01-18,14907.0,17200.0,9225.0,11185.0,30233.99,361062140.0
2018-01-25,11191.0,13079.6,10000.0,11419.8,36840.32,423087600.0
2018-02-01,11419.8,11932.7,9513.1,10100.0,47815.227,516948130.0
2018-02-08,10105.5,10180.9,5850.0,7559.1,113162.45,892557250.0
2018-02-15,7552.4,9520.6,7543.0,9489.7,62366.42,529508320.0
2018-02-22,9475.7,11790.1,9330.1,10468.1,61572.062,656093760.0
2018-03-01,10477.2,11081.4,9310.1,10309.9,66624.17,674496400.0
2018-03-08,10309.0,11666.4,9388.1,9903.0,51572.03,557089200.0
2018-03-15,9903.2,10120.7,7900.0,8174.2,95355.62,863725500.0
2018-03-22,8175.9,9189.8,7305.0,8880.3,96381.836,792703940.0
2018-03-29,8879.0,9116.2,7708.6,7943.3,58837.016,492073060.0
2018-04-05,7935.0,7975.0,6449.4,6790.4,92445.88,650913540.0
2018-04-12,6790.4,7186.1,6505.0,6940.9,47970.895,326378940.0
2018-04-19,6944.2,8500.0,6759.0,8170.0,51024.637,403577730.0
2018-04-26,8170.6,9750.0,8099.7,8855.7,47148.812,421971170.0
2018-05-03,8857.0,9538.0,8555.0,9217.1,36195.773,330221800.0
2018-05-10,9233.3,9962.0,8960.0,9305.4,28875.373,273461820.0
2018-05-17,9302.0,9395.9,8077.3,8345.8,34181.625,293136770.0
2018-05-24,8345.8,8596.7,7440.6,7500.3,27888.46,226018980.0
2018-05-31,7503.0,7725.0,7051.0,7374.9,28265.283,208982460.0
2018-06-07,7372.5,7780.0,7330.2,7659.8,20228.621,152735520.0
2018-06-14,7650.4,7750.0,6122.1,6294.2,28365.75,194910720.0
2018-06-21,6300.6,6854.3,6264.4,6755.4,24675.438,161927330.0
2018-06-28,6762.7,6787.6,5650.0,6134.2,34859.414,215112370.0
2018-07-05,6132.5,6790.0,5787.7,6584.2,24165.225,152489230.0
2018-07-12,6587.0,6838.5,6276.7,6377.9,18601.557,121871260.0
2018-07-19,6378.0,7599.0,6073.3,7379.9,29177.557,196735420.0
2018-07-26,7379.8,8496.6,7200.3,8166.0,33411.094,259642100.0
2018-08-02,8164.7,8315.0,7423.0,7604.1,28792.193,229044450.0
2018-08-09,7469.4,7533.4,6120.0,6275.9,28322.3,193175500.0
2018-08-16,6276.6,6740.9,5890.0,6269.5,48233.39,303100900.0
2018-08-23,6269.5,6916.5,6210.0,6350.0,28009.752,180801220.0
2018-08-30,6349.3,7133.7,6329.2,7022.7,21749.104,147224030.0
2018-09-06,7025.4,7405.9,6638.8,6684.5,26651.309,188735440.0
2018-09-13,6684.4,6702.3,6073.9,6319.5,29986.746,190171490.0
2018-09-20,6325.1,6599.8,6102.6,6391.0,24917.318,159653630.0
2018-09-27,6390.6,6836.4,6318.5,6453.5,25735.605,168924720.0
2018-10-04,6452.0,6796.2,6397.6,6463.9,22517.82,147624130.0
2018-10-11,6461.1,6688.3,6441.8,6530.4,12572.724,82480580.0
2018-10-18,6530.1,6820.0,6091.2,6442.5,27029.898,171733420.0
2018-10-25,6442.3,6487.9,6344.6,6413.9,9477.0,60725140.0
2018-11-01,6414.0,6450.0,6201.0,6307.5,15769.68192544,99613191.74587098
2018-11-08,6307.5,6552.9,6290.6,6503.3,11864.28642925,75981944.3994451
2018-11-15,6503.2,6515.7,5330.0,5602.7,26395.23061627,157989005.78534815
2018-11-22,5600.9,5698.0,4028.8,4548.2,71531.54494439,349264495.5051132
2018-11-29,4543.3,4589.9,3456.0,4219.8,92594.97435418,364586971.9455445
2018-12-06,4219.8,4441.0,3653.0,3688.0,67825.39879408,272037950.02896696
2018-12-13,3697.1,3851.1,3208.0,3435.2,80311.65629642,277958685.6341478
2018-12-20,3433.1,3920.0,3120.0,3683.6,86203.52205081,298485552.67232096
2018-12-27,3682.0,4239.9,3651.0,3808.2,89431.53709766,351975537.09898216
2019-01-03,3809.2,4499.3,3565.9,3886.2,47955.59960157,180963319.41857913
2019-01-10,3887.8,4113.9,3721.9,3999.9,40984.29546421,161294840.38428608
2019-01-17,4002.2,4035.5,3375.0,3535.7,33216.18050354,121514271.44085456
